1.158645 -9.053275 1.2000 1 0 0
1.158645 -7.857561 1.2000 1 0 0
1.158645 -6.661846 1.2000 1 0 0
1.158645 -5.466132 1.2000 1 0 0
1.158645 -4.270418 1.2000 1 0 0
1.158645 -3.074704 1.2000 1 0 0
1.158645 -1.878989 1.2000 1 0 0
1.158645 -0.683275 1.2000 1 0 0
2.448645 -9.053275 1.2000 1 0 0
2.448645 -7.857561 1.2000 1 0 0
2.448645 -6.661846 1.2000 1 0 0
2.448645 -5.466132 1.2000 1 0 0
2.448645 -4.270418 1.2000 1 0 0
2.448645 -3.074704 1.2000 1 0 0
2.448645 -1.878989 1.2000 1 0 0
2.448645 -0.683275 1.2000 1 0 0
3.738645 -9.053275 1.2000 1 0 0
3.738645 -7.857561 1.2000 1 0 0
3.738645 -6.661846 1.2000 1 0 0
3.738645 -5.466132 1.2000 1 0 0
3.738645 -4.270418 1.2000 1 0 0
3.738645 -3.074704 1.2000 1 0 0
3.738645 -1.878989 1.2000 1 0 0
3.738645 -0.683275 1.2000 1 0 0
5.028645 -9.053275 1.2000 1 0 0
5.028645 -7.857561 1.2000 1 0 0
5.028645 -6.661846 1.2000 1 0 0
5.028645 -5.466132 1.2000 1 0 0
5.028645 -4.270418 1.2000 1 0 0
5.028645 -3.074704 1.2000 1 0 0
5.028645 -1.878989 1.2000 1 0 0
5.028645 -0.683275 1.2000 1 0 0
6.318645 -9.053275 1.2000 1 0 0
6.318645 -7.857561 1.2000 1 0 0
6.318645 -6.661846 1.2000 1 0 0
6.318645 -5.466132 1.2000 1 0 0
6.318645 -4.270418 1.2000 1 0 0
6.318645 -3.074704 1.2000 1 0 0
6.318645 -1.878989 1.2000 1 0 0
6.318645 -0.683275 1.2000 1 0 0
